# ukf_output.txt
# Generated by ukf_main.m (Octave/Matlab)
# Input file: ukf_input.txt
# Dimensions: n=3, m=2
# Noise std: q=0.10000000000000001, r=0.10000000000000001
N 20
# rows: k z1 z2 x1 x2 x3 S11 S12 S13 S22 S23 S33
1 0.050461921203133059 0.057742590684066508 0.05071857308475243 0.066656997483679814 -0.00071882943362588415 0.14107086906590768 -2.0776655614931212e-22 -0.00042982276960078854 -0.14107086906590757 0.00042982276960076696 0.11258664578363033
2 0.072483015855216507 0.93320004437024917 0.069699381331510754 0.52134137648114198 0.0014875719700455715 -0.12905661937359267 6.9293814727292035e-05 -0.00013060389769740772 0.12486010662328675 0.00011271961496254279 -0.10000132377834026
3 0.89350080357308126 0.10826134376093985 0.74809879472128937 0.054977497455165607 0.0027980402777445807 -0.12685515285798354 -2.1663486771529496e-05 -0.00016672033229236341 -0.12247477792234572 -0.0001441230015012981 -0.10005732924344658
4 -0.0064664718150353878 -0.017978601260913767 0.01810372870934869 -0.0076179364433807423 0.00039333249587018186 0.12649114190029243 2.7898939081503978e-05 0.0017753427290724112 -0.12248621912926919 -0.0015287044083451551 0.10005024921405858
5 0.048499688082899707 -0.10565500062800343 0.025656726025851777 -0.052458252642278824 -1.2427054953182482e-05 -0.12649181601999043 -0.00029589412847338796 -4.3204015097747266e-05 -0.12248854837747784 -3.6817307663878894e-05 0.10000004064561088
6 0.095668755443632805 -0.039221845780704034 0.036422773672104974 -0.019603750606851853 2.3167077073898306e-05 0.12649333928118922 7.1495324208965693e-06 6.0553637496657e-05 -0.12247449768090271 -5.2319073517606213e-05 0.10000060859836242
7 0.27883059299525298 0.20643650056156804 0.1594833128513555 0.10326873470661234 0.00047884818543407297 -0.12649110677360767 -1.0132165242728826e-05 -8.6399853500702768e-05 -0.12247461580878201 -7.4329363554103447e-05 -0.10000019411359763
8 0.22759355153117883 -0.17931055639187543 0.17783094231656393 -0.089393434270120711 0.00070534918662878922 0.12649112378389513 1.4395163546767136e-05 0.00037838384475999794 -0.12247453579009057 -0.00032585012264310816 0.10000440679188556
9 -0.097717129240809553 -0.0094866307749145451 -0.094395777830448155 -0.004397556898656803 -0.00087583074521754628 -0.12649106369891022 -6.3105866269204942e-05 -0.00042229940952884167 -0.12247555982696852 -0.00036250762981285126 -0.10000436931159946
10 -0.094624873725065242 0.26041735847779579 -0.058302046050790535 0.12969781801005026 -0.00033407946639814692 0.1264912126991099 7.0237364183349396e-05 -0.00022421812199845457 -0.12247559439897512 0.00019296474526022718 0.10000079569364699
11 0.037765622740623908 0.27252493927059418 0.074409080593407617 0.13614044131434161 -0.00061745978222122984 -0.12649126337594785 3.7391821864207368e-05 0.00013798615037273178 0.12247471033057752 -0.00011968791539594498 -0.1000036490957695
12 -0.13165744427239492 -0.041967550243524998 -0.024526366224902257 -0.021214804227064454 -0.00017069831701334098 -0.12649113507762261 2.3168418051437738e-05 -0.00017628898329972282 0.12247525508566083 0.0001513531071941352 0.10000416152607593
13 -0.00017679384061934644 -0.087599111364888335 -0.0086243447042095838 -0.043879014422982157 6.5461142696455416e-05 -0.12649121485459189 -2.9301604430685271e-05 5.8195555046819305e-05 -0.12247537415438725 5.0186591529028854e-05 0.10000014485045859
14 0.023122080713563753 0.14194077117070006 -0.0036955712584359965 0.07099499568586129 -2.9110780230668333e-05 0.12649124316940061 -9.7212466921079922e-06 -2.0475993551812935e-05 0.12247452080473652 -1.7535864097598928e-05 -0.10000039049591936
15 0.10253683044263184 -0.17273659294058044 0.089927518381002963 -0.086384546123503075 -7.7179202136920782e-07 0.12649111153611556 -3.3954770630255226e-06 -8.7779916207686461e-06 0.12247456735503615 -7.580693538738363e-06 0.10000100844564197
16 -0.24365001053417154 0.31224442826155391 -0.18074967191577573 0.15612632353155401 -0.00011072961945927235 0.12649111881375402 -1.4679327171852342e-06 0.00021328119417027223 0.12247469307935845 0.00018358064008750657 -0.10000220857268778
17 0.37563286993052897 -0.14225112849335617 0.28776642475256092 -0.071084004634675541 -0.0019584346372652139 0.12649112232684165 3.554883668199618e-05 -0.00042901232154743163 -0.12247499298034917 0.00036830957767410672 0.100007755825407
18 -0.12191803444380553 -0.20740311719811896 -0.10139904947692785 -0.10464409376141547 -0.0029691062690701524 -0.12649112118731673 7.1340502694937032e-05 -0.00068142136022025551 0.12247629256748763 0.00058759033609270882 -0.10000840018034407
19 -0.066885958849144306 -0.001423972456600169 -0.081986876638877423 -0.0021421491191511806 0.00043042866737385508 -0.12649122578683522 -0.00011369607350146554 0.00024090756361713287 -0.12247676397619031 0.00020926509829115059 0.10000323527861628
20 0.021789409009544999 0.071433130907350886 0.012180558759646593 0.035920782582660384 -0.00019798041477342318 0.1264914464872133 -4.0565572565995425e-05 -0.00019428880615583659 0.12247521785494335 -0.00016724202293708833 -0.10000059538144417
